1. 0.151316 0.263249 
2. 0.988167 1.100464
3. 1.932659 2.034798

1
SECONDS:0.213
F0_MAX:150.757
F0_MIN:150.316
F0_MEAN:150.536
F0_MEDIAN:150.536
F0_STDV:0.311
ENG_MAX:59.842
ENG_MIN:58.558
ENG_MEAN:59.000
ENG_STDV:0.486



2
SECONDS:0.130
F0_MAX:131.677
F0_MIN:126.404
F0_MEAN:128.956
F0_MEDIAN:128.903
F0_STDV:2.092
ENG_MAX:69.979
ENG_MIN:69.979
ENG_MEAN:69.979
ENG_STDV:--undefined--
VCD2TOT_FRAMES:1.000


3
SECONDS:0.142
F0_MAX:298.876
F0_MIN:269.231
F0_MEAN:289.013
F0_MEDIAN:295.548
F0_STDV:13.189
ENG_MAX:61.151
ENG_MIN:61.151
ENG_MEAN:61.151
ENG_STDV:--undefined--
VCD2TOT_FRAMES:0.667

